NOMBRE DEL FICHERO: ./datos/tai256c.dat
NÚMERO DE PROBLEMAS = 256
Cambiando semilla a -> 1
Cambiando semilla a -> 1

AGG POSICION:
143 226 156 30 219 151 107 52 195 51 176 69 26 112 47 41 78 141 133 49 170 102 163 95 91 114 10 225 144 64 245 252 74 8 40 231 130 134 165 193 248 16 13 96 33 148 22 212 173 161 175 122 222 236 182 20 55 233 187 35 224 43 218 152 204 61 72 92 178 44 18 88 190 200 185 255 167 75 197 81 227 254 120 242 99 87 6 125 84 154 214 117 0 188 70 100 94 42 37 2 157 239 229 192 119 27 149 59 54 232 108 171 189 109 237 243 169 113 76 46 221 25 228 67 155 98 181 158 5 136 79 230 21 101 12 32 89 213 160 50 66 23 29 4 247 241 123 209 240 159 31 217 14 235 196 150 215 58 36 97 246 104 48 131 73 234 124 191 138 77 71 45 201 106 183 53 194 82 19 208 24 238 139 216 83 220 140 244 62 116 179 137 166 115 135 168 127 1 110 142 172 251 11 15 68 145 103 63 105 147 3 28 207 128 90 121 177 199 57 129 249 184 202 205 60 111 65 206 253 34 198 250 146 17 56 93 85 126 223 38 164 210 203 162 9 132 118 86 180 80 39 7 153 186 174 211 
Coste de la solución: 47301056
Cambiando semilla a -> 1

AGG OX:
41 105 122 44 73 3 206 173 210 35 152 245 236 191 146 182 83 221 177 169 171 53 212 33 180 39 68 127 240 11 29 78 253 90 238 234 131 135 50 117 102 76 100 154 227 63 81 58 26 1 164 242 140 126 193 5 203 61 8 129 139 216 95 144 20 72 230 31 167 197 71 184 251 208 37 109 162 159 214 9 18 233 247 107 64 132 149 141 46 186 98 120 202 97 48 198 124 38 43 241 158 34 75 86 175 112 67 172 205 7 85 92 199 133 42 190 111 89 156 99 113 147 128 13 160 231 24 254 17 179 12 249 196 119 246 87 188 200 93 228 110 165 207 209 248 6 114 150 217 218 74 54 21 79 151 229 226 187 215 88 123 108 70 30 163 55 96 36 166 176 69 49 181 91 84 189 213 10 0 153 224 94 192 27 161 45 225 80 121 47 14 32 243 66 168 174 23 52 115 101 4 157 62 2 142 51 19 219 25 222 148 170 77 185 223 40 59 125 82 28 237 232 252 118 145 204 178 155 130 57 183 195 134 194 116 138 143 15 103 60 239 250 16 235 255 65 244 137 220 136 22 56 106 211 201 104 
Coste de la solución: 46295688
Cambiando semilla a -> 2

AGG POSICION:
147 95 0 156 247 104 36 189 235 212 249 242 60 7 87 183 208 106 46 214 54 110 162 62 166 15 120 177 230 186 99 168 135 27 217 142 145 71 52 194 39 34 85 114 42 74 61 174 138 203 196 255 118 124 234 101 67 225 64 223 127 4 82 125 181 24 191 200 253 19 116 159 171 154 50 22 148 150 244 57 12 93 227 246 112 205 220 37 215 32 29 10 245 77 207 86 190 195 176 102 3 157 252 131 13 199 73 81 5 26 202 251 133 213 173 180 233 9 6 201 134 88 41 179 229 65 155 117 48 226 111 43 238 170 139 126 239 219 231 164 55 182 144 197 209 8 236 47 66 84 172 204 69 31 153 163 98 137 192 107 240 146 53 122 175 193 100 141 184 185 254 63 151 79 18 17 129 216 178 96 92 248 20 128 38 68 23 33 51 222 113 76 206 232 2 45 198 136 91 108 109 80 211 169 40 149 97 237 105 83 243 70 250 103 90 167 160 241 16 228 115 187 121 28 25 94 44 123 119 140 161 210 35 11 1 89 49 224 130 132 152 59 218 75 21 30 143 188 78 14 158 72 58 165 221 56 
Coste de la solución: 47097742
Cambiando semilla a -> 2

AGG OX:
124 144 6 3 80 9 251 85 93 38 58 141 211 76 186 70 233 198 36 200 213 229 103 10 129 154 26 55 252 196 112 165 146 30 247 179 90 19 218 126 100 111 163 237 33 23 82 242 45 59 210 50 5 223 97 255 28 157 78 135 220 105 1 191 231 72 143 152 222 67 132 63 193 188 13 171 122 107 224 169 117 177 174 203 184 139 32 114 166 205 24 102 137 57 115 131 69 156 46 110 216 40 81 84 108 253 7 60 181 244 217 254 248 133 75 167 79 49 176 104 240 250 89 41 130 225 106 173 182 18 164 159 190 214 178 42 142 87 245 54 172 187 201 207 21 77 119 161 120 17 249 212 162 183 140 51 92 14 116 64 208 12 134 136 170 118 71 128 175 15 239 99 209 101 98 20 8 194 53 47 74 29 25 66 226 202 215 197 145 125 68 230 235 243 73 113 121 204 158 127 189 206 246 2 180 43 22 160 185 192 123 148 168 151 155 48 62 149 234 96 94 238 61 138 109 91 16 39 153 11 4 35 88 241 86 236 147 34 27 44 150 31 195 227 37 56 228 199 95 83 52 0 65 221 219 232 
Coste de la solución: 46382826
Cambiando semilla a -> 3

AGG POSICION:
207 89 83 204 224 18 22 139 117 201 112 66 210 77 111 121 92 58 34 13 181 53 220 71 223 24 45 20 255 52 60 123 199 81 16 159 131 125 39 252 186 238 2 74 232 145 182 149 241 102 234 227 79 116 5 84 249 244 136 188 94 11 47 150 30 106 114 168 154 151 174 222 173 196 192 70 162 48 237 142 250 218 246 51 143 50 41 43 87 163 230 104 19 242 170 228 33 28 206 208 200 101 36 187 21 247 146 198 202 122 137 40 217 35 225 171 38 85 113 124 25 155 26 110 78 128 172 56 63 115 193 37 96 98 15 75 65 14 157 97 120 32 10 229 108 27 80 64 7 69 23 105 156 216 191 240 178 236 165 239 148 134 167 175 153 248 144 203 132 140 55 231 184 44 99 152 138 221 91 68 109 135 67 29 73 212 215 8 243 61 93 195 211 119 49 3 133 86 141 169 213 209 17 158 176 197 190 129 103 72 100 245 205 214 88 185 1 254 76 57 179 166 118 233 161 160 147 183 226 6 126 4 9 31 251 177 59 82 189 54 46 127 12 62 42 130 164 235 95 219 0 194 107 90 180 253 
Coste de la solución: 47763232
Cambiando semilla a -> 3

AGG OX:
197 176 210 199 161 21 195 151 122 231 29 190 69 243 216 220 163 150 127 85 240 79 241 107 165 188 62 75 14 31 136 146 249 27 104 66 170 142 208 121 114 222 214 49 125 35 157 24 235 118 89 84 180 153 205 99 212 8 246 116 237 44 80 38 155 218 239 97 175 1 94 42 56 6 178 132 103 184 128 74 52 92 20 201 32 203 71 18 12 77 140 10 164 72 28 90 110 223 139 211 198 119 83 65 145 37 252 228 158 193 25 185 86 55 48 43 15 46 78 60 96 33 168 53 253 16 189 133 225 113 171 57 147 3 34 106 51 23 115 111 226 173 166 40 124 229 251 144 137 221 87 2 73 191 219 177 200 181 204 131 159 227 242 182 98 45 213 93 50 105 126 130 250 9 81 112 54 196 244 169 238 215 58 63 117 141 19 68 76 232 100 186 7 230 134 102 70 36 95 41 194 0 120 154 143 39 172 30 167 149 11 61 254 64 5 224 148 13 123 209 91 187 22 138 67 160 26 236 179 17 192 59 174 206 152 108 162 47 129 217 207 234 245 4 88 101 233 248 156 202 82 247 183 255 109 135 
Coste de la solución: 45824712
Cambiando semilla a -> 4

AGG POSICION:
173 206 48 217 225 29 171 7 132 152 175 188 67 243 80 89 185 91 229 39 176 216 125 238 193 69 64 226 144 71 165 12 127 149 198 218 78 87 74 214 82 63 43 231 100 220 251 137 98 15 102 0 196 110 10 117 203 139 93 194 70 21 147 83 32 56 248 45 182 34 249 167 37 35 142 135 44 246 17 237 162 223 104 154 3 123 114 158 106 25 41 112 233 26 143 57 88 8 2 236 129 27 38 211 207 187 4 52 19 227 200 134 5 133 163 230 51 49 164 113 97 103 53 239 14 204 177 254 219 1 253 95 184 99 191 180 18 118 208 75 40 54 130 235 20 250 195 120 62 126 159 86 122 212 138 169 60 28 140 155 115 170 146 9 84 65 128 168 201 222 150 36 77 181 66 202 131 121 244 166 157 119 199 23 109 190 92 210 156 209 186 161 33 151 108 242 81 30 215 101 6 94 31 11 221 160 234 178 85 179 232 50 245 192 111 13 153 42 172 59 116 145 124 46 241 240 68 213 107 141 205 55 136 228 61 105 90 96 189 224 252 183 197 47 58 255 72 79 22 148 73 16 174 24 247 76 
Coste de la solución: 47478782
Cambiando semilla a -> 4

AGG OX:
36 65 77 186 216 135 196 112 45 222 201 253 109 60 199 133 232 126 211 254 86 11 190 15 43 239 251 82 116 204 129 155 166 220 56 21 80 7 147 229 79 4 38 162 29 192 141 68 244 170 98 140 24 138 100 74 181 104 51 16 194 247 94 41 136 159 176 47 214 106 9 175 62 148 227 89 53 168 173 218 225 130 71 19 102 179 18 249 91 241 123 49 207 240 121 245 205 10 142 33 132 99 183 48 202 12 169 83 153 119 58 111 188 193 97 118 231 55 157 228 165 95 124 92 73 191 101 150 234 145 127 164 23 88 184 76 3 50 26 114 203 161 69 54 1 209 152 246 217 44 221 110 139 125 172 25 235 81 85 198 40 200 78 230 59 223 117 66 185 160 14 105 189 151 158 87 255 167 195 243 233 177 206 115 32 187 137 210 212 35 20 84 180 131 122 128 0 42 134 34 113 27 52 6 57 96 103 213 90 37 178 208 70 64 93 248 108 120 8 63 2 22 149 46 143 182 154 215 39 250 146 13 174 252 75 242 72 163 219 237 67 236 224 30 31 171 197 28 226 238 17 107 61 5 144 156 
Coste de la solución: 46354392
Cambiando semilla a -> 5

AGG POSICION:
215 69 225 114 3 153 79 116 239 128 235 14 252 57 150 229 172 210 100 158 59 76 71 56 111 160 104 218 162 73 121 181 31 38 8 29 93 139 65 156 237 133 250 83 11 131 212 193 51 86 1 163 43 105 240 96 206 232 190 25 49 214 46 227 37 170 165 125 231 135 6 98 52 136 223 183 179 168 42 242 110 90 177 101 19 33 123 143 201 204 22 205 132 92 45 219 173 102 28 40 64 109 247 144 7 191 253 120 94 155 82 244 47 58 195 138 175 34 72 161 21 216 32 67 50 66 243 127 178 118 226 149 17 221 151 224 126 192 115 171 88 176 91 137 203 233 186 15 81 10 60 78 108 169 220 5 141 107 35 198 44 117 2 202 99 189 27 87 41 85 209 12 147 62 154 148 23 166 63 84 197 196 9 241 97 26 18 95 77 234 249 74 4 24 194 39 103 68 157 112 164 254 251 152 89 180 230 185 255 48 129 75 236 61 167 146 55 142 80 124 106 130 36 246 70 140 159 245 0 145 207 30 134 248 184 200 222 211 20 174 187 217 208 54 13 238 182 119 53 113 122 199 213 228 188 16 
Coste de la solución: 47581530
Cambiando semilla a -> 5

AGG OX:
116 165 83 81 143 96 209 216 188 103 204 44 133 101 147 199 171 89 123 255 252 238 14 37 27 130 6 60 145 179 230 39 177 20 154 164 1 205 24 137 194 214 49 98 242 158 156 151 192 113 92 110 77 29 120 32 125 90 9 7 160 196 182 243 118 127 54 211 95 168 185 66 202 233 31 72 51 225 68 18 41 42 222 231 235 63 64 245 250 190 75 86 201 105 10 149 122 136 220 237 35 12 173 52 175 161 25 78 69 212 23 244 162 13 34 218 187 215 102 104 167 16 94 239 226 100 249 33 87 240 150 61 107 172 144 229 191 208 174 126 134 193 57 53 129 181 109 251 5 141 82 21 124 8 135 30 50 166 223 62 97 79 84 114 159 117 203 138 40 85 142 73 2 17 155 47 227 148 207 43 189 106 170 246 48 91 28 58 38 11 210 200 74 111 15 152 119 67 180 108 176 184 115 76 121 219 146 36 55 195 228 22 80 221 19 112 88 132 234 4 224 26 153 232 99 217 178 157 0 247 65 236 197 71 163 93 70 248 198 213 3 59 241 186 46 253 254 183 131 169 140 128 56 206 45 139 
Coste de la solución: 46093250
Cambiando semilla a -> 6

AGG POSICION:
143 141 234 202 1 117 67 162 80 37 206 29 75 170 235 132 213 107 172 167 137 225 114 196 49 150 77 27 175 217 238 243 82 90 62 15 119 72 129 109 69 17 171 54 128 253 185 57 12 223 227 139 70 204 221 87 122 83 111 178 165 115 124 230 2 23 58 135 30 127 25 35 224 102 174 10 160 215 198 163 193 22 44 56 195 148 183 48 19 4 247 32 239 95 140 184 199 157 159 39 43 136 179 236 182 61 158 208 205 88 45 55 220 52 219 180 145 168 103 98 201 8 154 86 99 104 191 133 74 64 231 53 13 47 6 59 161 7 131 176 166 65 146 250 251 113 50 96 189 212 188 110 85 94 14 144 79 100 155 118 222 218 9 84 242 40 16 3 244 248 153 255 187 252 24 173 151 121 101 89 164 147 197 169 11 33 31 91 41 106 78 63 116 211 105 81 207 149 186 0 138 71 245 181 66 156 177 5 42 92 233 18 254 51 246 20 60 28 209 210 120 93 226 190 68 228 216 21 142 123 200 249 73 112 36 134 214 241 237 192 38 229 194 240 26 130 108 125 203 152 97 76 126 46 232 34 
Coste de la solución: 47542746
Cambiando semilla a -> 6

AGG OX:
113 180 79 73 71 194 156 188 186 148 130 98 30 162 240 232 12 213 91 254 209 201 141 171 169 251 20 173 32 184 22 166 221 138 15 249 96 160 53 158 3 45 43 105 17 50 100 215 164 198 128 247 34 227 59 206 235 242 244 118 239 90 191 133 88 218 83 145 7 110 230 108 203 13 10 192 150 39 56 136 119 36 77 65 212 139 126 85 70 62 41 27 76 144 127 154 255 236 116 42 200 40 1 9 101 208 84 44 196 120 178 250 233 122 224 103 75 67 5 237 231 205 82 94 175 216 2 93 211 115 89 132 35 229 225 157 146 29 64 58 52 168 69 97 151 48 223 165 38 8 234 117 102 0 217 177 163 86 107 140 149 167 147 134 78 81 182 219 220 26 63 129 28 92 21 57 131 228 99 112 125 60 87 142 51 68 31 170 153 179 204 202 143 61 135 193 54 19 25 16 137 253 72 114 33 66 37 185 176 210 74 14 155 47 11 4 95 161 222 6 243 46 172 238 246 181 152 187 109 207 241 106 214 104 111 174 190 18 197 121 49 252 183 123 226 245 195 24 23 124 80 248 199 189 55 159 
Coste de la solución: 46240904
Cambiando semilla a -> 7

AGG POSICION:
130 198 238 39 188 56 95 155 237 112 177 71 250 169 151 84 86 30 224 208 179 134 37 109 121 74 33 232 158 68 60 119 89 117 248 246 63 209 125 14 4 255 187 144 217 226 78 220 142 167 191 22 42 1 145 51 132 114 24 92 123 100 28 205 212 227 164 90 45 229 81 103 184 194 173 202 19 215 50 47 206 16 251 53 10 5 140 149 199 111 66 153 94 83 118 182 231 235 41 180 7 6 91 64 87 244 2 82 61 11 43 75 98 193 49 124 128 216 157 197 105 126 23 252 213 195 175 65 239 21 99 200 156 242 189 62 31 165 17 27 138 181 69 20 15 40 107 70 12 150 172 241 143 148 13 207 163 210 93 116 170 234 48 120 225 230 108 44 73 254 77 113 104 85 196 162 88 76 233 36 29 102 236 58 203 96 228 240 171 168 34 25 26 221 223 9 46 133 38 146 80 35 110 0 185 135 137 129 141 67 174 192 159 183 222 249 122 190 253 54 106 247 131 204 55 115 219 127 8 161 178 160 32 245 201 243 72 101 218 136 154 176 52 166 18 211 57 152 59 147 139 79 97 214 3 186 
Coste de la solución: 47074376
Cambiando semilla a -> 7

AGG OX:
204 3 200 90 32 183 89 93 43 181 167 188 129 171 134 21 2 15 8 6 114 119 136 101 71 76 154 26 109 31 84 177 180 252 56 139 20 116 122 107 198 254 202 211 209 81 221 29 229 144 63 247 169 213 240 244 156 175 250 238 58 96 219 133 23 127 104 86 232 234 142 99 53 46 148 226 162 207 33 173 195 50 131 25 206 64 95 11 75 61 68 35 123 97 220 225 72 57 166 49 106 233 146 70 60 28 210 196 124 187 91 243 137 153 103 179 18 141 228 40 5 151 54 237 130 112 78 51 69 218 16 45 184 143 216 24 159 214 22 48 222 36 190 149 241 105 176 110 161 118 44 42 67 155 182 227 38 41 19 108 215 85 88 94 92 115 100 132 113 13 224 34 80 1 178 83 30 9 59 249 199 191 77 223 62 163 47 235 231 245 185 0 172 37 230 120 74 66 17 111 193 197 7 138 157 73 150 117 52 217 212 87 192 98 236 205 140 152 170 160 27 255 4 102 39 55 121 126 79 251 145 253 189 158 242 164 128 203 168 135 82 125 239 186 174 10 14 246 208 12 194 65 165 147 201 248 
Coste de la solución: 46312748
Cambiando semilla a -> 8

AGG POSICION:
187 210 92 191 62 126 212 182 58 220 189 37 7 227 22 88 73 13 0 103 234 28 111 107 254 249 162 221 67 164 60 236 159 105 223 5 194 10 140 116 252 160 31 114 17 101 97 85 19 147 25 134 35 229 217 179 141 4 39 48 202 61 161 93 188 169 184 131 166 138 55 79 197 47 224 241 185 136 198 49 80 69 246 84 232 157 128 119 74 30 192 43 120 190 228 15 225 36 95 129 239 71 206 245 242 83 150 233 158 174 106 172 173 23 175 3 154 41 255 139 201 209 213 77 186 46 51 215 102 193 64 235 125 12 52 91 145 180 108 81 94 205 98 109 82 14 63 87 176 18 121 90 219 76 211 86 148 152 146 57 183 244 251 54 50 110 199 124 144 132 33 11 196 16 75 89 38 26 133 53 214 100 42 21 170 70 32 65 117 243 231 222 168 226 240 27 115 208 34 156 66 68 122 149 165 1 99 96 135 44 142 250 204 253 163 195 153 127 151 181 59 230 203 78 207 237 130 45 8 178 247 40 155 167 24 56 171 2 218 6 113 177 104 143 112 123 238 9 20 29 200 248 118 137 72 216 
Coste de la solución: 47587462
Cambiando semilla a -> 8

AGG OX:
193 82 110 86 29 222 84 212 140 184 20 14 164 61 27 158 69 251 6 175 72 96 207 137 105 35 99 132 65 214 67 12 95 134 169 114 243 87 182 112 225 245 54 143 75 47 211 224 16 234 52 161 237 33 123 172 242 125 157 204 147 44 78 23 25 122 210 10 154 178 101 216 41 176 249 247 48 58 129 39 90 186 197 219 119 92 189 1 201 236 149 151 159 28 255 205 181 2 150 167 53 50 77 152 171 42 200 108 66 179 221 141 239 68 102 120 173 166 107 160 73 174 170 215 15 187 80 37 192 198 79 233 97 228 250 116 70 34 8 202 130 163 145 56 76 111 253 60 21 63 148 64 113 13 213 0 194 144 5 22 252 19 199 227 244 180 104 190 126 246 223 59 62 124 88 133 240 98 100 188 38 93 177 168 208 24 103 94 230 121 85 220 106 235 191 91 231 9 11 248 156 7 218 49 232 139 135 203 185 71 118 18 254 81 153 115 40 206 31 226 83 131 136 36 183 45 74 57 26 32 51 238 162 127 43 195 142 165 155 138 89 3 46 217 229 128 146 4 209 17 30 117 241 55 109 196 
Coste de la solución: 45877028
Cambiando semilla a -> 9

AGG POSICION:
188 241 5 40 190 227 154 161 122 125 110 92 137 58 18 54 136 139 151 6 235 144 183 26 99 87 229 149 49 1 251 16 116 221 171 218 44 80 134 60 214 224 37 179 32 103 95 254 7 186 30 168 211 156 62 130 73 147 84 164 248 175 56 141 236 107 20 98 131 113 253 222 197 66 233 207 243 75 69 90 193 201 77 178 143 19 52 47 12 9 105 166 50 86 215 126 195 8 74 55 219 127 228 237 119 152 2 83 140 120 196 181 135 160 184 53 78 208 89 133 42 21 118 65 200 64 220 150 246 76 174 225 106 242 199 142 203 255 101 239 205 23 94 173 245 39 249 108 148 79 159 17 34 14 145 189 162 192 115 167 123 172 206 45 210 252 13 33 67 57 146 22 238 27 100 213 232 25 129 102 157 29 38 48 3 43 36 71 68 250 81 177 46 112 165 11 212 202 230 82 240 96 138 114 97 198 61 104 204 111 153 59 121 247 185 244 226 91 15 155 85 117 169 191 176 231 209 180 216 72 182 51 223 70 31 24 109 217 187 0 4 35 41 170 28 128 132 158 63 93 194 124 234 88 163 10 
Coste de la solución: 46998124
Cambiando semilla a -> 9

AGG OX:
34 6 195 202 156 178 241 119 129 118 117 199 70 227 87 152 77 112 141 144 146 38 90 41 242 229 137 206 132 236 204 209 238 247 21 8 83 53 184 100 139 43 81 79 176 94 56 30 18 214 149 73 58 216 16 60 192 233 0 49 174 167 163 23 158 92 96 171 182 98 4 210 104 46 131 251 180 197 124 126 107 255 169 122 85 28 13 187 51 218 48 10 68 25 88 64 69 19 228 237 223 26 95 55 165 201 219 175 130 84 97 221 66 173 115 32 59 230 200 250 125 234 20 105 62 240 76 194 150 232 208 188 2 27 181 120 93 52 190 243 225 24 45 110 133 154 252 161 239 61 12 1 72 231 65 113 33 179 140 116 106 78 71 186 82 253 86 111 42 203 37 215 213 193 74 63 142 36 157 5 47 220 205 211 75 138 57 151 35 99 40 29 222 207 114 15 235 170 183 108 9 168 191 101 11 123 226 67 89 50 164 17 162 166 54 136 22 147 189 103 244 121 80 217 145 44 134 160 3 198 159 172 148 246 196 153 249 109 254 224 7 212 245 135 127 177 185 39 248 155 128 143 102 14 31 91 
Coste de la solución: 45962704
Cambiando semilla a -> 10

AGG POSICION:
83 229 161 24 160 9 240 123 108 205 254 193 147 171 211 12 125 18 216 64 237 189 145 167 243 246 247 112 214 45 199 69 93 43 54 102 135 143 155 152 32 99 49 166 100 20 87 251 58 207 81 72 70 153 76 36 191 157 178 185 221 220 4 120 138 30 46 23 132 233 73 89 202 239 118 242 129 130 127 212 126 180 235 68 164 1 94 121 38 91 197 62 175 186 17 159 88 196 109 163 223 179 113 105 85 103 250 128 79 86 249 150 106 11 42 149 27 34 16 78 173 39 134 139 5 7 140 115 219 165 208 228 217 44 184 71 222 200 122 110 114 187 146 198 206 209 252 218 60 57 133 52 35 238 116 181 136 224 142 50 74 131 124 144 61 37 6 65 82 162 51 25 98 244 0 31 204 33 213 255 119 66 226 137 40 26 236 96 177 190 3 192 234 29 14 28 232 188 111 245 84 63 104 67 53 194 141 75 13 248 195 21 148 80 90 48 231 241 151 168 230 182 59 227 117 19 22 154 101 97 169 225 201 210 41 183 95 176 8 170 156 15 47 55 158 253 92 172 107 10 174 77 215 56 203 2 
Coste de la solución: 48263498
Cambiando semilla a -> 10

AGG OX:
145 31 220 140 53 56 89 167 41 124 28 88 59 116 119 51 254 228 21 210 17 172 212 165 148 6 205 195 142 207 107 130 157 225 93 169 32 162 239 71 251 190 74 237 243 204 12 2 152 151 247 19 83 240 126 26 62 176 36 122 234 133 14 45 128 217 131 137 208 24 98 38 7 184 102 94 230 215 64 68 96 186 76 81 180 34 249 154 101 198 66 159 73 192 252 48 201 111 150 70 222 5 49 189 60 155 1 213 163 166 109 10 40 141 232 23 185 134 0 82 52 187 37 226 127 100 118 146 173 80 245 113 181 99 242 199 47 91 108 175 27 203 235 3 218 77 253 120 15 156 22 86 129 8 46 92 143 174 197 121 4 170 30 244 153 246 132 193 147 78 69 191 57 229 161 250 54 85 58 202 35 135 214 18 211 117 25 171 125 44 200 224 168 13 105 188 164 103 182 178 149 160 236 95 216 20 233 219 84 110 90 65 227 248 61 39 11 196 97 138 63 179 50 115 72 114 158 206 255 16 123 33 209 223 136 112 241 43 75 238 67 106 139 87 29 177 144 55 79 9 194 183 221 104 231 42 
Coste de la solución: 46136700
Cambiando semilla a -> 11

AGG POSICION:
150 171 211 76 84 38 8 11 245 125 188 79 240 194 236 35 22 186 228 61 82 181 92 28 111 184 173 179 25 90 205 121 96 152 118 31 3 253 202 213 166 107 130 143 104 175 200 21 113 230 161 99 66 71 133 144 10 116 42 183 222 139 52 20 158 234 220 40 17 47 140 224 147 15 64 57 34 176 109 14 88 69 209 226 74 154 169 217 89 1 102 232 135 193 115 227 206 191 212 36 43 165 159 97 185 148 237 73 168 160 105 45 65 251 172 229 77 119 81 4 153 93 146 62 252 248 196 233 32 53 100 27 91 190 151 54 162 110 244 128 242 129 155 214 178 132 142 87 58 108 23 204 216 225 134 112 33 137 37 59 9 6 198 70 44 255 85 2 68 12 123 50 56 63 26 124 210 114 219 39 187 239 24 18 201 221 207 195 156 46 199 249 67 60 19 223 5 254 203 182 75 120 72 30 235 180 145 29 231 94 41 117 157 83 80 138 106 126 246 167 51 164 208 238 218 247 241 86 13 0 127 55 197 189 163 49 48 177 141 149 174 250 7 98 170 192 131 16 101 243 122 78 215 136 95 103 
Coste de la solución: 47169276
Cambiando semilla a -> 11

AGG OX:
119 9 102 74 26 71 230 253 182 218 233 33 250 38 121 78 172 211 41 235 48 159 3 68 14 16 151 133 70 124 165 163 194 46 112 220 104 24 92 183 1 209 80 168 216 205 173 23 79 223 111 238 116 5 224 56 161 99 144 170 146 153 11 247 244 83 213 197 107 130 12 155 187 89 200 138 44 134 109 61 142 66 85 97 36 226 178 192 34 58 180 190 123 225 227 105 52 27 6 50 117 43 20 95 188 35 160 184 242 136 164 212 29 149 81 18 156 179 40 0 148 45 93 221 101 217 8 214 129 252 75 141 90 86 169 186 143 219 232 140 110 82 167 115 241 65 202 245 21 64 126 132 91 37 175 127 234 108 171 13 122 228 94 114 42 84 195 7 206 229 131 54 243 189 118 4 203 246 22 166 154 198 15 181 139 96 19 98 204 210 100 231 73 87 251 248 158 77 150 28 125 2 145 17 177 69 120 199 49 59 67 236 157 207 239 185 162 51 72 240 106 62 208 10 25 30 113 135 196 152 39 254 32 128 201 60 47 137 191 147 103 193 76 176 88 174 55 57 222 63 237 255 249 53 215 31 
Coste de la solución: 46157514
Cambiando semilla a -> 12

AGG POSICION:
8 57 49 185 99 138 147 156 207 40 239 127 114 104 30 5 192 13 209 170 179 111 79 254 237 70 101 16 196 152 103 240 12 217 66 81 232 211 109 32 234 90 116 18 146 150 107 56 141 77 188 105 230 236 137 84 38 200 94 23 20 128 202 167 165 159 190 123 198 189 168 251 244 19 42 215 135 161 204 247 181 10 177 75 54 51 15 97 60 133 46 194 85 153 173 214 253 229 241 28 106 26 102 233 61 39 125 238 166 27 2 176 72 124 223 203 246 110 45 219 183 108 82 195 120 3 100 184 160 58 71 206 205 9 148 31 164 22 25 228 131 130 50 112 222 193 63 48 96 155 191 151 197 64 37 69 213 187 144 24 6 89 41 182 226 83 36 218 21 248 115 14 35 73 157 11 250 255 235 65 224 121 225 4 113 1 145 208 171 67 118 162 149 88 175 92 33 142 174 17 172 143 68 53 231 178 134 169 243 119 122 216 7 87 221 163 180 252 136 199 52 29 91 76 129 47 154 62 98 86 55 95 227 126 210 74 117 140 245 78 43 34 158 249 201 93 220 0 59 44 132 212 80 242 139 186 
Coste de la solución: 47237872
Cambiando semilla a -> 12

AGG OX:
98 202 30 225 235 198 171 220 151 247 194 181 0 140 37 49 196 238 73 223 192 86 145 209 199 20 16 111 56 93 189 232 119 241 251 122 47 75 54 174 118 129 148 160 62 83 249 179 13 34 109 61 79 71 116 154 187 255 42 18 126 230 66 27 107 159 23 112 205 69 101 41 131 162 97 52 104 191 5 243 217 157 9 168 136 64 185 228 203 90 165 44 144 218 45 152 51 211 200 77 95 26 85 32 169 207 110 156 78 172 137 226 87 120 250 193 164 99 35 124 8 224 28 106 128 134 245 142 204 84 252 38 221 92 178 244 65 253 7 163 239 227 29 213 166 1 39 89 133 68 246 242 182 80 201 214 105 55 102 24 36 82 143 91 186 135 146 254 121 63 212 46 4 195 12 153 33 184 67 60 231 70 222 141 50 180 81 248 177 170 10 210 167 2 127 197 188 149 88 94 11 175 150 229 158 43 117 22 114 147 53 237 74 100 216 208 76 173 190 113 17 206 15 6 236 123 57 138 219 155 240 132 234 108 48 19 31 96 130 139 59 3 115 25 125 103 40 176 21 161 183 215 14 72 58 233 
Coste de la solución: 46235760
Cambiando semilla a -> 13

AGG POSICION:
163 144 137 69 225 48 53 139 172 82 212 142 149 77 65 16 25 3 42 223 195 146 198 170 21 251 164 186 23 250 15 138 181 100 247 66 49 207 33 120 168 102 177 13 18 2 78 4 91 175 203 89 204 166 71 128 126 116 227 62 30 237 254 221 125 36 115 246 113 193 119 151 191 40 56 224 74 217 27 201 109 134 11 183 248 189 123 96 158 52 98 44 86 51 39 99 38 101 7 155 222 185 135 167 76 129 94 211 240 20 80 220 93 215 236 46 22 238 202 26 124 229 58 79 208 24 230 5 117 19 88 242 136 1 73 233 50 64 205 206 47 176 145 107 187 34 156 10 118 85 105 190 148 182 231 0 45 131 249 37 121 226 130 253 154 216 169 161 234 171 106 63 152 140 70 114 209 178 150 245 132 157 235 29 228 122 173 28 31 67 111 84 197 200 184 255 147 83 160 210 243 95 68 104 32 75 180 9 59 72 196 110 54 252 165 17 108 97 188 57 61 87 103 192 219 174 81 112 127 8 194 239 213 133 43 92 41 90 12 143 6 60 55 244 218 179 159 141 162 232 35 199 214 14 241 153 
Coste de la solución: 48513952
Cambiando semilla a -> 13

AGG OX:
221 89 177 145 216 43 106 238 143 161 77 187 201 196 32 156 56 223 53 183 208 68 228 92 209 116 213 18 131 30 60 231 74 139 45 91 195 81 119 198 129 4 22 154 2 50 210 134 8 153 25 64 185 234 255 83 70 87 136 126 104 219 191 163 151 122 112 39 168 172 36 125 57 85 165 248 158 253 63 0 204 26 242 245 111 190 12 101 28 250 148 94 78 149 35 159 76 218 244 123 48 160 118 23 206 124 67 189 246 141 47 132 174 227 109 237 147 155 100 58 66 3 13 162 62 233 224 80 150 19 186 230 236 169 128 88 241 215 181 90 15 179 33 98 202 212 167 16 130 200 1 51 31 117 97 170 72 252 220 166 40 240 115 105 226 157 140 52 69 24 211 59 225 93 178 251 42 254 110 9 152 95 82 205 138 7 184 96 193 49 135 229 21 14 34 79 127 46 86 107 137 114 120 207 55 217 232 84 142 222 27 197 247 10 113 146 44 61 20 173 214 65 188 133 180 17 243 176 38 199 171 182 108 5 164 235 203 175 144 103 239 6 192 11 73 37 102 29 71 194 249 54 99 121 75 41 
Coste de la solución: 46509868
Cambiando semilla a -> 14

AGG POSICION:
230 36 168 71 85 60 174 185 238 121 123 106 13 18 240 198 150 9 58 205 160 56 154 5 193 91 109 219 148 80 171 146 172 1 89 141 127 211 113 27 251 67 66 179 190 210 62 136 116 104 217 162 232 38 15 61 118 4 74 131 42 49 99 102 29 228 241 7 52 213 223 151 237 207 144 22 34 94 184 47 79 215 143 129 40 188 3 234 182 196 87 139 181 0 98 77 152 214 243 101 199 132 138 166 163 44 173 233 63 70 50 250 46 37 252 57 2 8 134 78 248 32 145 231 96 225 43 226 83 197 201 95 128 25 115 19 14 165 206 81 164 158 33 216 17 133 30 10 68 153 24 120 100 159 203 107 65 103 175 156 88 112 169 157 221 125 111 122 212 186 73 39 246 126 194 6 54 97 204 167 119 227 51 114 45 12 105 161 137 117 178 247 183 255 195 253 140 224 23 110 254 90 244 86 31 92 149 147 28 53 189 55 235 48 208 236 142 245 187 124 242 64 222 11 191 155 192 59 72 93 170 249 35 84 239 180 130 209 176 177 26 69 108 41 16 21 20 218 200 76 220 135 75 229 82 202 
Coste de la solución: 47185524
Cambiando semilla a -> 14

AGG OX:
161 249 108 213 150 122 75 255 131 53 79 49 235 133 44 230 18 228 140 205 193 232 5 197 80 66 32 152 42 36 185 119 191 200 0 167 195 137 154 202 129 90 237 73 158 182 6 223 252 51 84 97 148 8 13 46 128 114 225 219 23 226 142 27 102 123 162 3 125 110 77 99 14 111 116 70 215 250 173 87 160 179 165 92 171 60 187 56 38 217 17 104 68 30 93 16 37 82 10 91 248 209 105 126 245 220 241 134 208 190 211 156 40 144 186 34 112 29 130 174 234 121 188 59 24 178 151 103 164 222 169 67 15 155 85 4 143 246 45 183 117 199 229 74 72 181 243 194 26 54 238 196 212 206 253 135 244 57 115 101 254 22 227 216 109 233 127 132 203 61 240 113 96 20 201 147 28 95 120 247 94 180 138 47 9 19 218 25 39 172 166 175 189 159 163 118 177 89 168 50 204 149 210 69 83 71 81 145 100 107 192 141 31 62 21 184 221 63 43 64 52 242 76 153 170 157 1 33 98 88 86 106 58 251 198 11 224 214 7 48 207 78 65 41 139 236 231 146 239 2 136 176 55 12 35 124 
Coste de la solución: 46174056
Cambiando semilla a -> 15

AGG POSICION:
94 103 225 66 135 123 114 71 117 104 223 255 201 198 4 44 85 112 132 236 221 178 144 226 252 82 27 243 161 140 13 204 105 21 90 10 233 25 97 60 8 19 192 63 168 39 68 163 172 75 212 65 166 14 190 31 134 145 100 174 33 38 189 196 194 238 131 37 137 142 229 109 186 87 247 56 126 61 219 170 80 35 92 246 1 111 199 138 42 57 155 46 241 122 187 115 72 245 202 200 173 17 147 59 48 52 18 217 230 32 118 43 119 191 28 224 120 50 253 70 215 162 167 84 210 107 128 73 64 108 239 55 205 5 182 36 179 169 20 53 58 218 143 127 237 74 148 248 220 171 242 110 206 121 164 69 67 165 158 216 62 12 81 47 34 16 146 197 150 193 240 101 102 156 79 113 83 116 151 91 3 26 159 185 49 251 76 254 249 211 153 209 125 54 88 222 95 208 152 250 15 77 45 195 184 160 23 96 235 203 228 86 154 130 22 183 139 180 207 24 7 188 93 133 124 177 157 9 99 78 227 106 2 29 175 244 6 41 231 0 51 181 11 213 30 89 40 232 141 234 149 176 136 98 129 214 
Coste de la solución: 47283318
Cambiando semilla a -> 15

AGG OX:
9 184 178 6 160 29 156 236 108 159 227 60 32 127 72 212 17 216 54 135 214 241 37 164 39 141 4 163 145 204 234 170 86 14 49 58 106 41 187 100 64 78 51 195 210 118 201 222 238 137 95 251 152 122 115 191 183 128 139 91 19 117 255 113 231 73 104 46 219 82 68 2 248 131 24 85 22 224 174 181 192 150 31 98 27 189 126 166 243 12 245 92 11 52 101 94 209 199 240 56 185 133 253 246 103 74 186 26 70 161 87 197 50 65 179 59 77 250 215 96 213 62 38 120 110 188 154 182 83 45 35 168 23 21 123 221 203 44 105 157 233 88 218 172 143 155 63 0 40 148 144 165 244 230 151 15 138 93 1 252 147 129 20 247 193 71 61 13 225 121 173 176 149 57 180 102 67 25 30 142 124 5 242 8 153 200 162 177 34 84 171 220 112 10 69 47 109 53 76 249 235 55 99 232 196 89 81 119 130 211 111 198 3 190 90 167 175 80 205 169 43 28 223 140 66 79 217 229 202 136 48 16 75 132 226 254 107 134 18 194 228 36 207 208 206 7 33 125 97 146 42 116 114 237 158 239 
Coste de la solución: 45959252
Cambiando semilla a -> 16

AGG POSICION:
228 45 112 186 208 39 156 190 250 161 52 176 21 232 82 84 154 187 70 51 189 95 238 178 40 165 180 227 253 106 167 212 4 215 26 8 72 87 243 159 247 115 104 78 235 246 107 2 16 74 65 125 126 48 202 239 197 28 136 130 145 183 118 76 225 54 37 113 80 73 19 198 119 146 30 148 101 240 14 200 47 11 157 193 221 92 43 121 133 219 41 139 128 140 194 23 59 46 124 192 131 163 66 1 203 249 27 77 61 196 85 35 175 17 36 222 252 150 226 69 153 97 160 15 229 231 105 234 38 100 18 110 90 49 254 210 204 91 117 224 122 99 12 166 32 207 108 218 9 213 173 201 44 58 31 63 191 71 50 211 174 94 109 152 182 251 120 237 67 217 236 20 177 116 138 55 195 179 170 185 0 172 68 29 62 10 142 233 79 93 102 216 75 245 98 147 111 206 244 127 88 214 164 155 220 137 184 241 143 24 158 135 22 3 199 123 60 169 162 209 242 248 5 81 25 230 144 132 34 171 6 33 149 86 129 223 188 134 151 53 7 205 56 168 57 255 89 181 103 96 42 13 64 83 114 141 
Coste de la solución: 47273422
Cambiando semilla a -> 16

AGG OX:
243 101 192 43 10 3 90 248 153 234 204 252 102 48 213 39 57 125 114 37 131 72 144 164 119 129 5 199 217 18 174 78 170 52 207 110 33 14 16 22 235 26 195 35 83 215 177 82 8 238 226 255 156 187 155 142 50 225 96 80 175 70 143 167 121 244 28 184 219 240 135 47 230 150 116 189 105 46 69 41 181 123 60 75 87 149 202 92 108 212 178 162 191 13 145 45 89 249 91 222 59 227 115 79 2 84 9 232 77 166 139 132 36 62 51 245 20 211 127 185 160 61 253 137 38 109 203 237 4 224 179 112 171 55 24 1 88 85 122 99 208 94 76 65 12 6 134 113 151 95 250 173 214 216 209 0 58 198 161 165 154 107 180 118 130 29 124 106 7 34 190 218 168 193 201 146 32 133 251 246 56 53 49 148 42 86 163 228 210 176 93 254 205 242 194 221 126 223 159 239 15 136 44 120 19 23 17 236 186 74 183 231 64 100 54 81 111 63 233 140 138 66 229 220 68 247 25 188 196 27 30 104 182 172 21 97 40 98 200 241 158 157 73 103 197 67 11 206 128 71 117 152 147 31 141 169 
Coste de la solución: 46716468
Cambiando semilla a -> 17

AGG POSICION:
103 40 230 24 120 52 27 205 247 84 12 193 110 35 181 101 253 4 150 145 33 165 113 75 198 81 90 154 131 170 93 55 23 14 73 118 212 164 127 245 191 20 152 219 200 64 202 2 87 6 204 211 61 46 121 49 169 77 159 226 233 124 63 96 216 42 252 141 243 156 43 138 239 133 142 72 178 67 172 250 176 69 108 0 224 167 54 98 99 222 179 208 11 48 143 160 183 1 79 28 147 115 177 100 119 214 25 86 153 85 188 132 210 45 171 60 111 240 149 70 37 231 50 137 235 58 41 203 229 223 88 34 78 7 241 32 89 31 38 194 92 56 173 166 185 196 82 225 8 76 207 47 17 248 117 199 112 184 187 195 94 174 186 59 238 126 232 10 53 221 114 228 234 144 220 157 91 237 22 122 109 105 162 26 125 39 189 242 95 182 255 217 104 215 246 83 102 163 209 139 116 135 29 192 197 62 168 19 130 201 44 180 251 97 123 148 15 190 13 146 9 71 3 134 18 155 80 74 213 249 65 36 161 51 30 68 254 244 5 66 218 107 128 175 106 227 236 129 21 136 57 158 16 140 151 206 
Coste de la solución: 47338960
Cambiando semilla a -> 17

AGG OX:
90 154 120 149 49 166 55 53 137 130 18 226 224 34 63 233 124 209 156 30 237 113 7 80 36 76 21 98 212 142 1 107 112 250 175 164 38 9 67 115 187 200 57 246 92 26 12 69 125 170 202 40 159 206 189 78 194 162 61 89 122 11 168 217 239 219 236 182 16 135 118 47 110 117 192 254 214 145 229 103 157 84 177 3 44 231 196 132 59 87 204 243 176 88 205 73 10 144 241 232 27 70 64 102 174 13 136 71 225 6 100 160 253 15 134 158 29 75 131 222 68 8 180 190 148 165 155 81 211 82 51 184 41 249 234 93 24 128 213 58 108 198 151 101 62 66 152 126 114 4 5 48 25 167 60 109 242 146 37 127 79 138 45 252 72 74 210 23 201 218 52 91 181 96 43 19 123 247 50 143 39 235 94 129 22 54 77 97 119 163 255 121 56 28 188 150 2 83 178 139 33 99 183 153 248 171 14 193 140 215 179 169 191 86 105 223 203 161 216 244 238 220 228 31 46 106 133 85 116 230 141 42 173 197 245 199 172 227 35 186 195 17 95 147 251 32 20 111 65 207 185 221 208 240 104 0 
Coste de la solución: 46232680
Cambiando semilla a -> 18

AGG POSICION:
36 63 252 125 209 66 184 185 113 157 54 207 76 33 224 191 87 132 174 203 111 234 214 128 121 255 59 178 107 83 177 134 19 88 228 171 204 57 147 61 10 31 216 165 213 242 110 162 81 29 100 172 210 3 253 135 49 196 24 86 78 199 180 238 8 219 140 166 90 206 116 32 139 169 44 22 122 245 98 1 182 21 75 144 247 154 12 118 41 142 115 53 218 151 194 56 72 18 179 173 155 23 192 64 34 89 149 222 50 220 108 168 243 229 227 14 103 0 101 112 215 129 249 159 40 52 6 37 94 167 124 250 123 221 55 217 68 236 212 161 254 114 96 71 4 241 175 65 109 69 43 35 145 131 42 226 16 48 187 202 102 183 195 190 232 156 80 62 153 105 15 84 97 163 170 45 11 27 133 104 240 158 137 117 60 7 176 188 13 239 197 237 200 77 26 73 198 244 106 82 208 51 138 58 205 230 186 119 28 5 143 9 47 150 67 136 201 25 74 193 160 189 181 231 148 248 146 95 2 79 85 223 164 233 93 120 211 30 39 91 46 130 235 127 126 246 141 92 70 38 152 17 225 251 99 20 
Coste de la solución: 47995738
Cambiando semilla a -> 18

AGG OX:
166 173 255 72 172 196 161 75 209 39 28 158 224 101 165 120 246 56 198 145 215 10 227 96 114 99 137 80 82 218 14 108 141 118 90 181 188 147 253 194 220 22 35 20 164 242 205 190 104 3 92 184 50 169 110 18 61 229 63 16 170 143 176 60 68 133 207 43 65 152 94 237 128 179 201 1 232 251 151 25 46 122 249 139 87 53 77 5 32 8 70 58 223 41 217 69 239 222 64 95 230 202 27 228 52 130 129 150 219 117 135 111 55 115 159 192 193 162 211 11 183 123 187 0 213 13 83 84 132 36 191 197 136 226 243 126 29 109 140 236 79 97 78 200 234 107 103 31 157 180 154 33 42 247 34 134 174 57 12 206 113 6 199 100 212 244 19 88 2 250 40 248 15 4 51 30 160 119 86 91 47 71 156 149 74 142 241 210 54 182 235 124 175 67 59 112 221 245 204 195 125 153 116 85 138 45 208 102 233 24 127 131 203 37 17 38 62 178 93 81 105 238 168 7 225 171 98 189 177 66 214 106 167 76 146 163 49 185 144 216 44 254 21 148 48 121 89 231 252 9 73 155 186 23 240 26 
Coste de la solución: 46362568
Cambiando semilla a -> 19

AGG POSICION:
83 31 204 215 119 135 140 138 56 207 166 240 71 44 53 158 171 150 233 48 201 96 101 25 2 18 148 15 5 33 229 63 231 77 184 197 39 114 51 95 36 21 73 113 125 222 105 62 212 178 59 209 241 94 154 74 253 116 82 87 168 91 192 248 108 169 27 244 159 180 252 85 50 239 189 163 218 157 42 54 29 195 160 121 250 132 129 127 202 7 235 227 97 122 147 28 133 47 255 64 213 247 75 30 203 220 84 216 20 232 152 0 126 137 198 190 249 221 79 245 194 185 193 165 142 238 124 16 223 10 9 110 61 225 70 93 206 128 81 109 251 103 210 196 89 88 104 112 236 41 68 37 40 175 219 92 143 191 98 102 134 13 211 46 161 167 38 72 107 52 162 12 130 177 118 149 226 174 164 35 199 139 58 100 181 186 8 45 99 228 55 26 106 214 14 243 80 172 115 242 43 78 76 67 123 4 90 3 69 237 179 176 205 145 208 144 230 131 136 86 117 182 11 57 23 188 19 24 146 170 17 153 187 6 49 111 173 141 120 200 60 1 183 217 155 224 246 66 32 34 22 234 254 65 156 151 
Coste de la solución: 47072326
Cambiando semilla a -> 19

AGG OX:
111 237 204 208 132 78 84 61 129 195 42 189 99 120 138 147 178 135 96 238 185 126 79 10 17 81 14 123 216 66 140 172 143 70 36 248 23 198 103 148 37 240 19 244 141 52 247 34 89 229 74 57 193 46 29 6 200 161 226 174 152 86 176 242 197 166 31 25 76 106 118 228 109 202 175 249 49 252 91 164 27 40 207 55 183 32 235 170 116 234 44 114 131 230 50 217 145 90 137 206 130 26 21 20 119 15 62 2 212 127 94 173 220 133 0 3 71 191 205 184 38 13 63 243 157 108 231 88 105 35 190 72 144 150 213 251 180 92 246 93 67 179 7 181 239 104 182 233 59 51 219 102 154 158 12 222 245 75 115 30 65 151 60 54 221 139 1 18 28 22 69 83 149 58 203 201 73 165 236 9 87 41 167 253 4 33 232 43 188 11 194 113 85 171 107 24 136 255 225 8 82 169 218 121 153 160 77 142 162 125 134 210 122 47 39 155 199 227 146 56 5 215 192 110 250 163 101 196 187 16 48 211 124 224 156 112 45 95 209 68 159 98 214 186 254 117 64 53 168 177 223 100 128 80 97 241 
Coste de la solución: 46446586
Cambiando semilla a -> 20

AGG POSICION:
113 211 191 106 217 68 220 109 152 15 251 91 78 162 243 159 184 77 103 180 166 128 1 64 147 96 245 70 229 140 74 239 135 54 36 237 100 125 29 177 89 231 51 204 249 138 192 209 47 40 234 248 190 19 157 226 111 133 46 118 172 34 155 160 69 196 137 129 186 115 26 60 82 222 252 132 150 43 224 5 13 183 33 22 170 72 57 8 120 9 81 215 61 195 75 122 230 219 238 37 182 154 58 208 206 4 126 20 188 3 28 145 176 151 35 104 110 242 169 18 98 146 14 101 218 24 164 10 25 105 130 12 198 52 181 114 31 80 38 255 247 227 21 139 223 232 76 55 90 112 6 121 203 116 241 71 87 246 50 86 221 85 16 158 93 102 117 236 197 225 123 163 193 175 30 216 233 194 202 178 185 213 161 235 49 23 131 73 119 201 165 205 66 187 214 168 79 250 167 189 95 62 127 17 0 67 141 92 41 7 59 240 212 148 39 99 97 244 134 2 44 199 27 153 45 149 179 136 144 56 11 228 156 88 53 94 173 210 63 174 84 32 107 207 142 171 124 65 42 254 200 108 143 83 253 48 
Coste de la solución: 47197616
Cambiando semilla a -> 20

AGG OX:
95 229 199 8 68 83 59 194 255 92 160 127 149 62 225 23 97 227 71 51 246 217 204 249 78 159 186 212 222 164 208 89 250 53 183 236 116 3 57 195 120 162 19 139 253 170 26 44 21 238 189 157 130 14 85 135 181 177 147 90 172 48 104 207 82 64 11 174 153 1 40 28 33 86 45 114 150 152 124 231 31 117 142 201 122 214 55 244 145 241 219 109 243 100 167 42 237 224 0 121 7 148 87 180 77 22 154 12 63 112 30 235 171 125 190 210 226 216 247 179 203 185 80 119 146 141 206 2 50 192 10 205 16 39 37 134 34 61 111 72 91 67 184 128 188 232 106 131 36 29 202 56 254 70 248 144 137 228 165 41 129 76 136 133 252 88 32 223 103 101 132 215 161 17 81 240 200 221 178 96 138 46 99 163 84 20 156 230 4 49 239 18 58 74 110 94 6 79 38 126 69 35 108 173 251 233 115 191 151 158 198 105 193 118 211 13 169 15 140 155 220 168 234 113 66 242 143 60 73 47 107 52 245 25 209 187 182 9 27 196 24 166 197 98 65 102 175 213 176 218 5 93 43 75 123 54 
Coste de la solución: 46371064
Cambiando semilla a -> 21

AGG POSICION:
65 5 34 20 3 254 225 190 31 169 221 99 198 8 193 176 1 187 139 180 229 143 247 104 15 38 172 42 97 129 218 132 108 227 165 105 48 17 60 204 72 154 74 183 12 10 201 136 216 69 208 199 77 152 150 93 37 242 240 149 91 46 84 27 141 106 138 41 23 234 194 49 95 116 71 119 51 205 230 96 114 148 126 54 145 236 29 223 78 66 174 144 67 107 244 88 124 184 155 63 100 151 252 130 233 35 25 92 188 44 53 142 117 45 249 62 83 197 177 213 101 146 211 102 137 239 175 181 250 32 245 202 47 200 30 70 159 203 81 110 7 158 118 94 121 189 33 21 22 173 219 135 87 112 131 166 214 56 40 55 43 90 58 191 246 161 115 178 162 128 207 238 195 212 89 140 24 79 4 147 120 171 113 64 16 111 182 61 134 11 235 220 86 0 179 196 237 255 75 28 228 57 210 80 156 186 52 241 76 85 9 98 59 232 160 133 14 253 109 68 248 209 36 50 222 122 18 103 167 185 82 231 19 168 251 192 157 123 164 6 73 215 127 153 125 170 39 243 224 206 226 163 13 217 26 2 
Coste de la solución: 47799962
Cambiando semilla a -> 21

AGG OX:
167 25 85 244 226 10 228 172 138 211 39 78 106 94 179 193 30 234 120 127 160 82 121 200 100 22 248 189 204 65 186 207 174 71 185 145 114 123 250 129 43 5 111 109 74 236 56 168 33 35 1 3 54 182 143 219 247 37 91 254 197 141 155 41 68 147 117 162 15 224 51 73 253 61 164 29 150 231 132 241 135 157 86 216 214 103 222 76 63 194 12 80 131 165 52 152 209 45 217 64 169 88 205 251 215 32 171 203 60 213 177 46 67 122 237 34 246 140 183 99 49 0 81 24 158 153 23 16 239 8 112 119 163 2 13 101 19 93 79 149 58 242 190 126 144 92 59 208 227 7 42 146 148 151 139 201 252 235 53 18 84 136 50 6 83 98 9 173 115 77 87 178 130 243 108 62 218 232 47 210 116 154 105 57 44 199 188 72 55 66 225 69 187 159 96 40 110 14 95 128 238 48 20 107 17 125 36 166 192 142 233 181 75 89 223 255 195 28 230 31 180 11 133 184 137 102 245 97 118 156 212 240 191 38 161 220 206 26 198 196 202 176 70 134 90 170 124 4 104 27 113 249 229 175 221 21 
Coste de la solución: 46538508
Cambiando semilla a -> 22

AGG POSICION:
164 204 143 32 25 201 189 157 12 38 211 95 101 219 134 185 253 208 131 83 53 124 126 181 149 51 29 194 239 103 155 141 26 122 22 7 64 160 5 168 40 105 140 145 225 90 76 199 187 43 159 36 62 3 242 1 151 183 240 57 207 100 58 154 114 68 23 110 213 132 117 153 72 249 216 191 93 251 130 65 47 34 222 214 120 61 163 70 244 14 17 230 77 59 196 248 44 233 227 197 152 84 96 71 127 245 46 67 113 66 88 156 80 109 229 118 39 106 162 135 102 111 170 150 176 184 203 115 255 82 13 87 119 31 166 182 178 238 192 202 195 4 136 158 218 94 125 235 224 33 209 78 2 212 11 27 123 171 246 226 16 231 138 54 147 129 15 74 63 81 173 188 241 37 206 234 73 35 60 10 144 250 177 169 69 175 8 217 30 236 24 228 104 223 56 167 247 139 161 232 98 42 254 172 165 18 148 52 48 6 91 28 179 186 0 41 49 200 198 99 9 86 205 180 97 20 220 50 45 128 116 75 112 193 252 133 85 137 121 108 19 142 107 215 210 221 174 89 237 79 243 55 190 21 146 92 
Coste de la solución: 47484292
Cambiando semilla a -> 22

AGG OX:
45 152 111 173 80 237 212 74 204 254 10 146 131 143 139 113 225 108 54 161 84 202 149 132 91 6 180 63 2 185 193 245 119 0 36 144 167 122 55 141 86 137 217 216 32 126 223 77 112 59 11 98 134 4 42 158 19 191 89 28 197 66 17 171 87 166 8 104 21 94 64 199 100 206 240 231 13 247 154 56 67 34 227 210 117 24 208 234 69 30 251 179 46 135 170 92 73 222 81 127 250 243 195 99 233 129 228 248 221 255 148 226 116 95 125 43 169 156 229 27 183 121 162 9 1 207 188 33 31 40 198 252 82 76 41 200 181 136 130 101 174 96 118 23 38 150 61 103 50 58 140 75 16 142 51 107 26 128 25 163 241 47 187 71 93 29 186 213 109 57 49 238 83 90 5 60 88 192 235 232 20 120 244 155 105 37 65 224 190 214 97 168 151 249 184 78 196 44 165 85 12 220 209 145 102 218 182 175 236 242 147 18 201 133 123 114 246 7 189 70 194 39 115 211 15 215 138 68 157 14 153 176 159 3 79 35 62 164 110 219 106 53 160 72 52 230 203 205 177 172 22 178 239 124 253 48 
Coste de la solución: 46204290
Cambiando semilla a -> 23

AGG POSICION:
130 71 112 10 57 234 162 240 171 145 98 3 160 35 53 255 192 102 138 247 30 1 74 119 63 227 107 216 180 135 94 113 133 44 168 142 166 198 31 210 194 183 80 39 8 89 154 219 189 197 253 148 88 159 106 21 205 249 193 27 141 104 83 51 187 49 185 116 207 186 16 156 26 20 46 81 93 69 174 111 124 229 236 163 76 12 23 244 59 238 34 6 140 181 110 199 68 251 214 82 7 84 114 179 66 56 115 48 95 87 146 22 118 70 167 24 100 221 55 178 149 211 5 215 170 144 15 97 158 28 47 152 232 25 241 245 155 19 212 64 128 204 175 73 231 195 254 120 36 196 151 246 235 54 191 127 161 4 67 157 223 86 137 132 17 176 14 250 41 50 52 45 213 224 38 92 125 85 153 61 202 165 75 201 220 143 129 243 33 11 103 230 150 96 72 101 169 239 222 217 43 242 108 122 182 9 206 147 126 77 173 105 233 190 177 60 252 123 29 172 65 136 91 188 42 32 131 90 134 117 40 37 13 184 228 79 62 208 200 121 139 248 225 164 209 99 58 237 109 218 0 226 78 18 2 203 
Coste de la solución: 47339196
Cambiando semilla a -> 23

AGG OX:
85 113 161 7 154 41 134 15 138 156 34 136 12 165 51 241 83 187 62 56 223 117 199 125 1 111 27 238 245 205 81 36 254 236 61 176 212 68 59 184 220 197 9 100 233 224 231 126 179 129 167 42 94 107 47 93 98 121 80 49 119 148 190 172 124 92 5 216 250 194 3 90 38 169 131 73 175 227 87 142 159 53 104 29 246 185 162 209 102 23 218 16 201 40 146 118 130 196 71 193 158 181 170 222 32 164 66 55 139 65 86 88 248 45 78 219 82 19 14 46 240 203 150 76 178 232 132 244 166 168 253 242 127 48 188 21 211 207 105 122 191 74 255 198 96 144 153 44 109 79 4 123 64 69 8 234 0 137 35 28 84 210 171 114 24 57 97 174 77 252 157 183 67 52 145 54 50 143 128 204 149 237 112 13 39 135 116 6 22 160 110 103 155 30 177 75 25 247 239 217 31 192 108 206 147 202 120 243 43 152 101 189 2 208 17 163 249 60 195 133 229 63 186 70 182 20 106 228 180 226 11 72 214 91 89 235 200 99 141 251 140 10 221 230 95 173 26 58 37 225 215 151 18 213 115 33 
Coste de la solución: 46451862
Cambiando semilla a -> 24

AGG POSICION:
247 186 161 57 215 128 227 182 245 26 71 37 52 45 108 169 19 224 64 23 34 238 251 8 147 75 200 219 210 4 173 139 84 43 183 100 38 110 190 65 141 88 136 202 90 46 130 164 134 172 17 97 22 115 102 223 225 205 32 15 160 153 105 213 221 165 234 59 73 117 94 126 151 77 27 82 40 233 177 79 95 195 0 132 196 187 242 9 70 254 143 13 231 53 131 156 116 33 129 101 114 7 55 30 248 124 2 149 113 218 96 241 10 28 133 171 98 204 144 83 212 44 51 185 92 68 152 154 159 125 214 188 216 11 140 72 230 63 217 176 166 112 76 66 60 104 174 58 175 162 189 201 198 39 21 138 91 180 109 56 239 157 74 61 235 107 250 211 237 41 29 170 145 12 31 35 42 81 178 1 199 85 253 240 244 5 106 118 80 167 120 20 62 179 207 48 208 54 181 184 193 246 236 191 69 67 87 249 47 78 16 103 86 226 49 192 135 148 232 14 123 6 3 36 99 122 255 119 252 142 222 228 137 111 209 229 155 121 24 93 50 25 168 18 197 146 163 127 89 150 206 203 220 243 194 158 
Coste de la solución: 47634662
Cambiando semilla a -> 24

AGG OX:
196 48 130 223 164 250 67 198 61 152 108 38 147 73 219 183 81 27 4 118 113 139 169 23 58 68 123 200 157 28 120 238 71 202 88 116 171 161 231 16 6 142 253 49 166 86 243 159 135 101 75 226 44 19 1 134 110 35 106 178 145 251 221 78 176 30 21 214 95 236 63 225 53 190 188 40 25 98 112 148 93 181 228 255 66 174 154 211 91 248 233 193 137 0 151 70 42 237 168 24 242 32 50 207 114 172 158 47 57 55 121 117 77 26 229 115 218 252 18 83 210 140 90 69 105 125 56 39 186 111 96 128 224 165 59 215 205 146 11 29 65 179 206 85 208 133 7 245 187 213 162 194 163 177 189 217 185 197 60 43 126 74 227 99 220 138 203 84 239 109 182 41 199 5 100 10 79 122 244 232 54 33 17 204 31 180 156 62 191 212 184 129 92 240 230 234 153 80 254 119 64 173 13 87 3 94 241 149 8 144 132 104 102 124 246 51 131 170 36 89 103 175 143 235 14 9 222 12 192 45 97 2 209 136 150 82 167 72 20 15 22 141 52 46 34 37 160 195 107 247 249 201 127 155 216 76 
Coste de la solución: 46350820
Cambiando semilla a -> 25

AGG POSICION:
151 78 19 11 147 110 246 58 96 56 27 49 132 254 145 176 14 6 190 61 90 101 139 175 237 21 158 29 36 41 120 47 113 54 182 218 188 119 60 166 146 73 206 186 34 163 67 133 241 193 171 52 229 82 48 24 180 16 100 216 224 39 223 10 88 201 159 168 212 233 199 93 210 178 203 1 243 46 156 115 173 125 248 235 231 108 106 86 227 128 118 121 4 114 32 162 174 169 172 80 127 55 75 238 232 104 102 143 62 3 66 18 197 92 220 91 191 217 192 148 142 69 38 209 43 112 221 230 140 42 211 244 89 189 25 165 138 94 200 35 37 8 7 109 185 30 150 76 95 239 129 135 79 207 240 123 53 45 0 219 187 177 84 149 105 157 116 255 250 107 12 213 226 64 245 23 71 251 202 196 9 28 122 40 183 137 111 2 44 77 65 26 51 117 194 136 59 103 141 181 236 33 222 184 195 170 85 228 252 98 97 214 249 81 247 17 74 160 13 225 155 205 22 72 153 144 50 99 15 161 63 204 57 215 126 198 131 164 134 87 234 242 179 5 83 152 154 70 124 130 167 68 31 20 253 208 
Coste de la solución: 47026114
Cambiando semilla a -> 25

AGG OX:
171 203 210 5 201 112 68 255 208 101 157 29 65 48 23 164 25 162 138 120 207 143 19 82 205 61 190 185 238 159 181 33 216 105 71 92 229 149 195 152 198 88 86 90 14 2 225 188 220 123 155 168 1 218 166 12 20 103 215 243 27 135 9 31 131 125 62 160 93 142 248 252 97 246 110 75 114 42 56 226 250 50 235 133 53 39 177 95 58 145 100 37 193 197 128 18 116 230 83 175 16 249 137 173 52 67 4 167 106 212 186 211 7 98 178 126 78 35 115 108 231 22 240 221 184 44 11 121 148 60 102 206 233 47 73 79 245 154 119 64 45 91 70 111 146 55 59 134 223 10 57 234 49 40 81 242 251 209 54 46 38 30 13 127 161 117 227 34 139 132 99 41 24 84 85 96 214 200 165 182 43 51 69 183 94 241 192 72 104 80 77 169 244 217 63 232 189 87 150 32 219 28 172 153 17 21 26 136 107 247 76 66 222 254 179 158 89 194 180 109 191 113 187 124 237 140 213 204 144 0 147 129 74 202 239 118 174 36 3 122 6 130 199 236 163 156 228 253 15 151 8 141 176 196 170 224 
Coste de la solución: 46310470
Cambiando semilla a -> 26

AGG POSICION:
38 226 124 16 13 75 245 166 109 180 191 227 252 182 162 138 194 66 253 173 115 6 36 192 3 78 154 140 184 57 63 90 85 120 209 247 28 234 205 112 24 197 216 221 97 199 117 150 142 44 9 106 255 65 48 1 18 127 21 195 185 92 98 53 119 230 42 152 202 224 213 188 70 148 26 15 157 84 62 170 219 251 56 146 23 95 223 217 103 34 160 116 178 214 4 183 212 233 250 186 113 246 102 193 174 64 189 204 25 100 59 128 101 73 89 231 99 198 35 135 211 83 91 39 7 88 147 104 50 72 41 222 155 29 122 229 131 74 33 61 69 52 12 82 20 218 151 47 76 108 225 17 144 31 80 177 37 111 143 94 200 228 54 249 215 125 171 139 118 132 207 240 114 123 254 153 187 2 196 190 8 96 107 87 203 68 238 134 11 46 67 145 93 243 51 22 165 121 163 130 136 137 220 58 239 206 161 169 49 5 86 71 0 181 79 167 55 14 210 172 30 105 235 45 40 248 81 241 168 179 236 176 149 232 156 242 77 237 19 244 60 129 208 10 43 126 32 27 133 158 159 164 110 201 175 141 
Coste de la solución: 47537940
Cambiando semilla a -> 26

AGG OX:
40 124 21 30 96 181 90 18 29 70 128 9 131 76 86 221 194 208 204 119 65 47 245 107 123 238 37 190 137 12 104 207 171 54 166 83 23 201 176 61 163 49 235 216 79 81 35 25 231 255 132 225 169 3 68 57 17 117 27 94 157 92 158 111 44 242 218 168 72 98 212 42 250 193 100 0 199 189 213 151 129 180 126 4 186 175 161 7 248 105 155 211 24 78 88 106 43 51 156 205 135 63 236 87 38 179 6 233 2 234 143 82 160 112 162 173 80 32 118 188 165 77 253 59 109 84 52 241 192 183 195 91 97 146 15 226 55 222 214 243 219 116 102 153 74 33 139 148 150 251 237 141 125 36 164 197 93 28 170 145 62 249 120 252 232 22 130 140 56 244 89 34 154 19 149 200 177 66 206 210 71 58 69 114 45 39 174 247 14 99 230 203 10 113 167 227 31 26 41 50 64 191 5 122 142 8 133 16 13 240 75 254 67 101 202 136 127 103 172 182 20 178 60 224 185 152 147 196 229 159 223 108 53 1 215 220 48 134 115 217 73 239 85 95 11 138 246 46 110 121 184 228 198 209 187 144 
Coste de la solución: 46692338
Cambiando semilla a -> 27

AGG POSICION:
93 17 29 254 224 101 242 9 215 67 217 16 192 200 116 15 47 143 148 22 85 155 57 112 211 178 140 76 99 189 146 239 114 72 190 110 160 164 202 194 158 123 54 198 251 133 245 80 166 119 20 151 7 231 209 24 236 66 157 55 187 25 136 12 105 75 191 3 233 250 197 62 81 90 43 102 36 138 129 88 95 180 48 241 237 18 204 126 170 60 227 153 128 0 74 228 19 107 203 120 59 64 249 82 218 168 89 27 225 172 32 1 94 51 104 222 244 238 144 26 50 208 35 87 61 41 149 173 68 216 248 156 186 179 124 185 100 39 122 181 4 175 147 34 252 11 21 84 132 78 37 247 243 98 14 44 220 30 162 79 174 130 56 63 150 91 171 142 165 188 177 38 70 97 5 183 240 109 214 83 106 117 13 154 234 71 163 201 207 121 219 42 23 195 2 212 167 199 96 161 235 141 134 232 40 125 223 131 10 103 226 184 8 213 69 205 137 108 253 52 58 246 113 33 193 46 115 65 182 92 53 176 31 135 6 255 73 86 210 221 145 77 230 111 139 49 206 45 118 229 28 127 152 169 196 159 
Coste de la solución: 47215982
Cambiando semilla a -> 27

AGG OX:
240 178 242 7 164 149 230 33 109 57 225 94 166 81 28 139 217 59 239 234 77 62 67 219 227 100 193 124 53 159 15 98 222 40 254 126 236 197 214 187 190 35 184 3 11 64 172 208 136 121 175 106 18 25 205 134 203 130 89 212 103 86 21 71 249 48 117 128 31 210 151 153 147 179 199 38 157 44 91 182 74 84 246 42 115 113 4 161 50 8 170 253 55 78 165 23 75 189 143 26 244 122 120 125 56 216 51 47 22 248 232 133 245 224 168 32 220 46 36 97 110 218 186 167 207 119 60 132 111 169 237 0 196 39 1 209 17 146 102 85 144 145 92 174 13 52 72 88 156 247 221 192 70 152 61 96 5 180 229 49 233 158 41 198 37 177 73 213 162 202 243 104 83 93 9 63 68 123 112 79 2 107 137 183 226 76 204 206 19 155 24 160 105 238 27 14 101 127 140 188 235 58 181 150 82 12 129 223 194 191 16 171 87 6 185 116 30 54 65 252 142 255 148 200 211 131 118 135 10 114 90 241 20 215 34 45 43 154 251 228 141 95 176 231 250 80 99 69 29 201 66 163 195 108 138 173 
Coste de la solución: 46202262
Cambiando semilla a -> 28

AGG POSICION:
225 111 184 79 238 142 243 179 178 41 240 169 36 249 152 219 181 30 23 52 103 144 135 160 11 231 101 201 50 106 123 167 80 38 172 49 206 220 174 182 89 177 27 189 223 115 140 216 7 253 42 118 146 196 138 175 199 21 210 55 98 77 92 59 244 113 5 230 74 62 234 29 81 86 202 150 186 17 15 209 94 44 83 148 32 227 72 188 3 109 69 130 228 43 16 33 53 125 73 166 71 4 192 221 25 45 97 65 193 131 99 157 187 163 252 107 116 236 141 122 164 190 180 153 68 0 158 134 137 229 124 145 248 226 13 207 132 251 245 39 20 205 1 57 151 67 194 70 24 37 90 10 165 119 78 105 241 64 61 129 91 154 162 198 159 31 204 95 211 217 93 110 208 19 46 168 232 96 191 9 246 136 237 8 143 200 250 171 102 85 2 147 235 203 155 255 117 173 126 212 120 218 18 35 48 47 133 104 242 214 63 128 58 121 88 170 197 247 54 224 26 254 40 66 60 12 156 6 149 84 222 195 28 22 114 215 213 51 233 161 112 108 185 34 100 127 176 239 56 82 87 14 139 76 183 75 
Coste de la solución: 47286626
Cambiando semilla a -> 28

AGG OX:
6 200 17 75 214 140 138 155 207 21 0 90 164 13 111 209 228 186 135 46 53 249 107 149 50 224 55 183 226 102 87 59 94 79 162 38 114 236 120 106 4 32 77 177 160 14 42 190 99 132 97 67 57 137 245 65 179 25 243 129 152 203 36 235 159 92 23 10 240 197 143 221 231 85 171 45 19 211 125 238 157 72 8 217 147 126 189 145 28 134 47 166 242 96 5 248 100 239 154 141 222 68 48 246 202 118 12 185 108 175 178 58 104 105 22 82 195 73 255 251 69 219 101 86 56 213 60 169 188 80 1 208 193 123 34 131 237 232 173 234 113 41 35 39 196 168 16 142 93 133 253 230 91 26 9 198 33 218 124 153 254 233 40 89 84 110 225 250 167 66 127 247 24 210 27 18 43 20 165 172 206 227 30 83 115 29 54 70 146 74 51 161 156 229 76 212 204 220 122 150 44 15 119 3 192 63 117 180 139 98 174 95 215 121 71 176 170 216 112 31 88 184 37 187 194 116 11 103 52 109 148 144 223 64 241 81 244 49 252 201 130 2 205 61 163 78 182 158 128 191 7 62 136 199 181 151 
Coste de la solución: 46326852
Cambiando semilla a -> 29

AGG POSICION:
173 174 9 54 94 132 201 19 96 144 254 246 181 149 137 109 143 134 23 22 118 55 51 207 13 11 177 73 29 192 83 136 61 167 193 169 231 186 172 209 255 103 147 41 116 195 124 5 90 81 111 162 8 226 2 58 216 237 183 188 251 69 138 235 36 75 123 66 250 228 47 33 99 199 206 101 179 243 34 214 126 247 141 160 203 15 42 88 241 62 91 113 164 53 218 190 95 28 82 182 252 150 233 86 92 230 1 171 142 191 151 139 227 49 223 129 127 65 131 239 121 159 16 0 204 146 168 48 76 24 242 26 117 45 130 244 198 97 89 155 79 70 248 17 158 87 40 98 60 64 122 205 10 78 74 219 253 21 234 18 39 43 145 85 236 178 35 27 212 175 112 128 72 153 44 56 232 157 210 166 224 100 115 50 59 119 217 31 197 67 14 110 135 249 189 3 140 38 154 107 6 208 185 93 238 215 52 37 63 225 77 133 163 108 7 165 80 84 161 106 156 170 222 12 46 184 30 202 200 187 105 104 71 229 176 68 196 245 57 114 194 220 125 211 32 20 152 213 4 120 102 148 221 25 180 240 
Coste de la solución: 48202104
Cambiando semilla a -> 29

AGG OX:
153 88 20 218 56 252 125 248 191 18 28 121 209 231 132 42 210 54 128 23 117 160 90 86 65 25 205 101 142 253 45 16 103 14 173 158 186 151 6 93 171 3 201 73 35 113 244 98 49 60 214 241 71 11 250 235 123 227 229 62 200 169 224 115 149 108 68 5 182 83 181 163 193 75 146 220 255 138 63 178 80 136 127 119 188 156 196 94 223 53 130 31 140 124 161 95 24 15 174 144 7 179 137 87 38 82 199 168 190 36 66 46 48 192 242 237 230 105 85 51 106 203 133 33 251 58 55 29 165 207 238 222 100 213 91 217 148 131 79 1 77 41 9 150 34 10 166 126 232 74 84 39 208 57 22 245 109 104 240 89 216 233 212 154 59 122 110 147 143 99 61 111 50 226 247 187 239 183 107 129 13 215 221 157 81 135 40 162 92 26 204 114 44 177 17 167 141 172 116 175 206 249 47 4 0 30 27 32 228 243 112 78 72 189 19 102 67 202 2 37 64 236 185 52 134 70 180 176 194 159 197 152 195 96 69 8 120 164 254 139 43 170 21 155 97 219 12 184 211 118 76 234 198 246 145 225 
Coste de la solución: 46131980
Cambiando semilla a -> 30

AGG POSICION:
143 98 34 50 158 209 84 59 190 169 155 242 90 151 202 145 76 173 87 253 221 68 8 48 204 57 212 198 154 37 46 224 131 216 233 141 23 25 160 133 41 115 75 184 44 147 134 231 206 11 4 183 29 165 72 63 78 17 112 66 117 109 111 31 107 230 255 70 240 19 203 140 122 136 235 243 220 194 238 6 211 179 52 120 250 27 82 104 197 175 39 80 116 28 10 96 1 252 232 228 36 138 16 146 200 192 38 105 129 188 217 144 33 156 14 227 85 101 121 193 168 95 244 207 180 245 223 234 77 148 26 167 73 196 110 225 229 162 205 218 153 171 64 119 114 186 126 251 214 172 201 185 215 81 83 222 35 49 127 161 182 246 93 2 43 103 174 92 150 58 9 152 0 89 79 125 97 40 86 91 71 67 208 24 139 13 51 20 213 219 45 32 88 181 189 237 226 12 61 62 54 164 30 163 22 47 5 241 65 113 106 137 128 74 199 100 42 94 18 142 178 53 191 118 99 130 135 123 15 249 102 239 56 236 60 55 157 176 3 248 166 159 247 21 254 69 132 7 210 124 187 177 108 195 170 149 
Coste de la solución: 47471346
Cambiando semilla a -> 30

AGG OX:
91 133 51 56 240 193 117 8 200 140 178 70 253 203 10 14 201 9 236 255 48 59 215 245 238 221 113 155 96 94 168 153 47 235 130 102 136 125 157 119 3 61 247 2 108 34 98 88 206 12 17 188 65 99 227 192 121 225 6 42 29 166 106 210 53 20 161 68 123 66 148 223 175 16 233 163 27 127 151 85 186 79 74 181 76 39 212 196 198 46 158 128 191 184 83 36 189 146 246 57 214 132 93 80 226 71 69 141 63 100 28 33 64 131 111 169 138 173 160 134 40 224 220 243 150 110 4 55 58 229 107 190 104 1 183 208 37 135 82 162 25 250 202 195 232 213 15 35 204 112 43 19 92 105 187 197 199 73 60 77 30 32 205 129 172 86 137 218 171 118 95 217 242 180 177 147 5 219 52 45 194 31 54 244 251 211 159 170 239 116 84 126 176 145 114 0 38 185 231 237 241 228 249 174 24 103 26 230 97 62 149 90 207 75 41 49 18 179 209 152 7 101 167 124 122 22 87 109 67 13 120 21 222 254 142 165 11 248 139 72 50 78 143 44 234 216 144 252 89 164 115 154 81 23 156 182 
Coste de la solución: 46116216
